10
0 28 4 30 10 19 29 8 27 5 
28 0 7 17 23 19 20 4 10 11 
4 7 0 23 11 15 7 6 19 5 
30 17 23 0 27 23 5 26 16 3 
10 23 11 27 0 6 19 23 12 10 
19 19 15 23 6 0 2 19 22 7 
29 20 7 5 19 2 0 1 27 12 
8 4 6 26 23 19 1 0 19 16 
27 10 19 16 12 22 27 19 0 17 
5 11 5 3 10 7 12 16 17 0 
