15
0 58 6 12 32 28 74 56 38 34 79 21 51 63 39 
58 0 53 54 76 15 26 19 6 50 63 10 73 24 62 
6 53 0 75 79 65 59 67 49 76 15 32 44 22 41 
12 54 75 0 29 46 19 41 41 76 78 48 29 70 70 
32 76 79 29 0 27 69 78 76 52 71 19 25 70 70 
28 15 65 46 27 0 32 59 9 14 23 78 61 27 40 
74 26 59 19 69 32 0 53 27 64 31 22 20 50 1 
56 19 67 41 78 59 53 0 32 11 57 2 37 16 4 
38 6 49 41 76 9 27 32 0 44 80 69 1 18 45 
34 50 76 76 52 14 64 11 44 0 2 49 46 67 37 
79 63 15 78 71 23 31 57 80 2 0 54 14 14 24 
21 10 32 48 19 78 22 2 69 49 54 0 30 50 46 
51 73 44 29 25 61 20 37 1 46 14 30 0 2 53 
63 24 22 70 70 27 50 16 18 67 14 50 2 0 57 
39 62 41 70 70 40 1 4 45 37 24 46 53 57 0 
