ani = 10 * [190:201]
factor = 10^0;
pop = factor * [75.995, 91.972, 105.710, 123.200, 131.670, 150.700, 179.320, 203.210, 226.510, 249.630, 281.420, 308.790];
