20
0 37 52 33 37 26 50 32 31 13 41 28 39 28 19 33 59 14 48 43 
37 0 41 20 31 58 38 22 27 20 27 47 56 4 42 5 11 22 57 53 
52 41 0 14 44 32 22 43 48 18 10 36 17 47 30 9 32 35 19 18 
33 20 14 0 42 42 9 56 51 1 27 55 52 49 29 26 20 48 46 39 
37 31 44 42 0 57 45 15 3 4 3 19 42 43 50 55 57 39 40 34 
26 58 32 42 57 0 53 46 2 2 38 36 48 33 27 43 34 27 52 23 
50 38 22 9 45 53 0 17 5 31 24 40 23 44 46 16 8 21 28 51 
32 22 43 56 15 46 17 0 12 59 9 56 6 55 21 20 6 43 11 13 
31 27 48 51 3 2 5 12 0 25 38 22 22 15 1 60 19 20 35 18 
13 20 18 1 4 2 31 59 25 0 43 59 20 42 55 15 18 11 40 43 
41 27 10 27 3 38 24 9 38 43 0 27 24 60 18 28 28 33 58 19 
28 47 36 55 19 36 40 56 22 59 27 0 55 2 55 31 1 6 18 39 
39 56 17 52 42 48 23 6 22 20 24 55 0 3 33 26 28 27 51 48 
28 4 47 49 43 33 44 55 15 42 60 2 3 0 45 56 49 6 2 2 
19 42 30 29 50 27 46 21 1 55 18 55 33 45 0 34 53 23 18 47 
33 5 9 26 55 43 16 20 60 15 28 31 26 56 34 0 48 32 6 58 
59 11 32 20 57 34 8 6 19 18 28 1 28 49 53 48 0 7 12 8 
14 22 35 48 39 27 21 43 20 11 33 6 27 6 23 32 7 0 28 6 
48 57 19 46 40 52 28 11 35 40 58 18 51 2 18 6 12 28 0 34 
43 53 18 39 34 23 51 13 18 43 19 39 48 2 47 58 8 6 34 0 
