12
0 6 30 9 21 18 12 13 10 29 6 24 
6 0 25 5 30 5 30 14 19 13 7 23 
30 25 0 1 30 13 15 14 22 20 11 9 
9 5 1 0 17 29 17 27 17 4 10 30 
21 30 30 17 0 14 23 6 27 12 19 22 
18 5 13 29 14 0 18 22 23 24 30 11 
12 30 15 17 23 18 0 9 24 1 20 21 
13 14 14 27 6 22 9 0 3 28 25 12 
10 19 22 17 27 23 24 3 0 23 6 14 
29 13 20 4 12 24 1 28 23 0 10 15 
6 7 11 10 19 30 20 25 6 10 0 28 
24 23 9 30 22 11 21 12 14 15 28 0 
